10 15
17
C 10 1 85 4 25 100 0 40 0 0
C 1 15 25 1 10 40 0 40 0 0
V 1 9 20 1 5 20 0 20 0 0
T 1 13 10 1 5 20 1 30 0 0
C 2 3 40 1 10 40 0 40 0 0
T 3 1 30 1 5 20 1 30 0 0
V 3 8 20 1 5 20 0 20 0 0
C 3 14 70 1 10 40 0 40 0 0
F 4 5 80 4 40 80 1 80 0 0
F 5 12 20 1 10 20 0 80 0 0
T 6 3 60 4 30 50 1 30 0 0
T 7 10 30 1 5 20 1 30 0 0
C 8 2 50 4 25 100 0 40 0 0
V 8 6 60 4 20 50 0 20 0 0
T 8 15 45 4 30 50 1 30 0 0
C 9 13 40 1 10 40 0 40 0 0
T 10 3 30 1 5 20 1 30 0 0
0 0 0 0 0 0 0 0 0 0 0 0 1 0 0 0 1 
0 0 0 1 0 0 0 1 0 0 0 0 0 0 0 0 0 
0 0 0 1 0 0 1 1 0 0 0 0 0 0 0 0 0 
0 1 1 0 0 0 0 1 0 0 0 0 0 0 0 0 0 
0 0 0 0 0 1 1 0 1 0 0 0 0 0 0 0 0 
0 0 0 0 1 0 0 0 1 0 1 0 0 0 0 0 0 
0 0 1 0 1 0 0 1 1 1 0 0 0 0 0 0 0 
0 1 1 1 0 0 1 0 0 1 0 0 0 0 1 0 0 
0 0 0 0 1 1 1 0 0 1 1 1 0 0 0 0 0 
0 0 0 0 0 0 1 1 1 0 0 1 0 0 1 0 0 
0 0 0 0 0 1 0 0 1 0 0 1 1 1 0 0 0 
0 0 0 0 0 0 0 0 1 1 1 0 0 1 0 1 0 
1 0 0 0 0 0 0 0 0 0 1 0 0 1 0 0 1 
0 0 0 0 0 0 0 0 0 0 1 1 1 0 0 0 1 
0 0 0 0 0 0 0 1 0 1 0 0 0 0 0 1 0 
0 0 0 0 0 0 0 0 0 0 0 1 0 0 1 0 0 
1 0 0 0 0 0 0 0 0 0 0 0 1 1 0 0 0 
9 2 0 0 0 0
0 12 10 8 13 9 7 3 1 
6 5 
1 2 0 0 0 0
14 
2 6 
2
