10 15
17
C 10 1 38 2 10 40 0 40 0 0
C 1 15 35 1 10 40 0 40 0 0
V 1 9 20 1 5 20 0 20 0 0
T 1 13 5 1 5 20 1 30 0 0
C 2 3 40 1 10 40 0 40 0 0
T 3 1 30 1 5 20 1 30 0 0
V 3 8 20 1 5 20 0 20 0 0
C 3 14 40 1 10 40 0 40 1 0
F 4 5 80 1 10 20 0 80 0 0
F 5 12 40 1 10 20 0 80 0 1
T 6 3 30 1 5 20 1 30 0 0
T 7 10 30 1 5 20 1 30 0 0
C 8 2 92 3 20 80 0 40 0 0
V 8 6 20 1 5 20 0 20 0 0
T 8 15 30 1 5 20 1 30 0 0
C 9 13 40 1 10 40 0 40 0 0
T 10 3 30 1 5 20 1 30 0 0
0 0 0 0 0 0 0 0 0 0 0 0 1 0 0 0 1 
0 0 0 1 0 0 0 1 0 0 0 0 0 0 0 0 0 
0 0 0 1 0 0 1 1 0 0 0 0 0 0 0 0 0 
0 1 1 0 0 0 0 1 0 0 0 0 0 0 0 0 0 
0 0 0 0 0 1 1 0 1 0 0 0 0 0 0 0 0 
0 0 0 0 1 0 0 0 1 0 1 0 0 0 0 0 0 
0 0 1 0 1 0 0 1 1 1 0 0 0 0 0 0 0 
0 1 1 1 0 0 1 0 0 1 0 0 0 0 1 0 0 
0 0 0 0 1 1 1 0 0 1 1 1 0 0 0 0 0 
0 0 0 0 0 0 1 1 1 0 0 1 0 0 1 0 0 
0 0 0 0 0 1 0 0 1 0 0 1 1 1 0 0 0 
0 0 0 0 0 0 0 0 1 1 1 0 0 1 0 1 0 
1 0 0 0 0 0 0 0 0 0 1 0 0 1 0 0 1 
0 0 0 0 0 0 0 0 0 0 1 1 1 0 0 0 1 
0 0 0 0 0 0 0 1 0 1 0 0 0 0 0 1 0 
0 0 0 0 0 0 0 0 0 0 0 1 0 0 1 0 0 
1 0 0 0 0 0 0 0 0 0 0 0 1 1 0 0 0 
6 1 0 0 0 0
0 12 5 7 9 1 
2 
3 0 0 0 0 0
3 4 10 

1
